G3dErrFileVersion 2018P3.1
FlagFileMetaData Begin
   Mesh Size - Setup1, Refinement, Pass #1, Freq. 5.500000e+08 :Title    
   Listing of mesh elements with small segments. :ToolTip  
   hf3d :Author   
   1699096560 :TimeStamp
FlagFileMetaData End
BEGIN_ERR 
26 Small mesh segment detected on body : Substrate
 Small mesh segment detected on body : Substrate 
 Segment Statistics - Number of Segments : 1 --- Segment length(s) : 6.687607mm. The cutoff frequency for S-Matrix Only Solve is 5.45077196363636MHz 
3 -1  16  20  # nfids, fids[]
2 18  -1  # nbids, bids[]
      4 4 1 0 #ntets ntri ned npts
           6.5725471013039505e-01   4.5017745288885898e+01   1.5800000000000001e+00 #xyz tv0
          -6.5865667242929204e-01   4.3744513051327274e+01  -7.8210856069435149e-17 #xyz tv1
          -2.9999999999348059e+00   5.0008872644442953e+01   1.6354311698399695e-31 #xyz tv2
          -2.9999999998696123e+00   4.5017745288885898e+01   3.2708623396799391e-31 -1 18 #xyz tv3 fid bid
           6.5725471013039505e-01   4.5017745288885898e+01   1.5800000000000001e+00 #xyz tv0
          -2.9999999999348059e+00   5.0008872644442953e+01   1.6354311698399695e-31 #xyz tv1
          -6.5865667242929204e-01   4.3744513051327274e+01  -7.8210856069435149e-17 #xyz tv2
           6.9413698188196555e+00   4.9641242579875353e+01  -3.2505107337228570e-17 -1 18 #xyz tv3 fid bid
          -6.5865667242929204e-01   4.3744513051327274e+01  -7.8210856069435149e-17 #xyz tv0
           5.5965419501133784e+00   4.5444003330498873e+01  -7.9000000000000004e-01 #xyz tv1
          -2.9999999999348059e+00   5.0008872644442953e+01   1.6354311698399695e-31 #xyz tv2
          -2.9999999998696123e+00   4.5017745288885898e+01   3.2708623396799391e-31 -1 18 #xyz tv3 fid bid
          -6.5865667242929204e-01   4.3744513051327274e+01  -7.8210856069435149e-17 #xyz tv0
          -2.9999999999348059e+00   5.0008872644442953e+01   1.6354311698399695e-31 #xyz tv1
           5.5965419501133784e+00   4.5444003330498873e+01  -7.9000000000000004e-01 #xyz tv2
           6.9413698188196555e+00   4.9641242579875353e+01  -3.2505107337228570e-17 -1 18 #xyz tv3 fid bid
          -2.9999999999348059e+00   5.0008872644442953e+01   1.6354311698399695e-31 #xyz tv0
          -6.5865667242929204e-01   4.3744513051327274e+01  -7.8210856069435149e-17 #xyz tv1
          -2.9999999998696123e+00   4.5017745288885898e+01   3.2708623396799391e-31 16 -1 #xyz tv2 fid bid
          -2.9999999999348059e+00   5.0008872644442953e+01   1.6354311698399695e-31 #xyz tv0
          -6.5865667242929204e-01   4.3744513051327274e+01  -7.8210856069435149e-17 #xyz tv1
          -2.9999999998696123e+00   4.5017745288885898e+01   3.2708623396799391e-31 20 -1 #xyz tv2 fid bid
          -6.5865667242929204e-01   4.3744513051327274e+01  -7.8210856069435149e-17 #xyz tv0
          -2.9999999999348059e+00   5.0008872644442953e+01   1.6354311698399695e-31 #xyz tv1
           6.9413698188196555e+00   4.9641242579875353e+01  -3.2505107337228570e-17 16 -1 #xyz tv2 fid bid
          -6.5865667242929204e-01   4.3744513051327274e+01  -7.8210856069435149e-17 #xyz tv0
          -2.9999999999348059e+00   5.0008872644442953e+01   1.6354311698399695e-31 #xyz tv1
           6.9413698188196555e+00   4.9641242579875353e+01  -3.2505107337228570e-17 20 -1 #xyz tv2 fid bid
          -2.9999999999348059e+00   5.0008872644442953e+01   1.6354311698399695e-31 #xyz ev0
          -6.5865667242929204e-01   4.3744513051327274e+01  -7.8210856069435149e-17 -1 18 #xyz ev1 fid bid
   0   0.000000000000e+00   0.000000000000e+00   0.000000000000e+00 #flag location
END_ERR 
G3dErrFileVersion 2018P3.1
FlagFileMetaData Begin
   Mesh Size - Setup1, Refinement, Pass #1, Freq. 3.000000e+09 :Title    
   Listing of mesh elements with small segments. :ToolTip  
   hf3d :Author   
   1699096562 :TimeStamp
FlagFileMetaData End
BEGIN_ERR 
26 Small mesh segment detected on body : Substrate
 Small mesh segment detected on body : Substrate 
 Segment Statistics - Number of Segments : 1 --- Segment length(s) : 6.687607mm. The cutoff frequency for S-Matrix Only Solve is 5.45077196363636MHz 
3 -1  16  20  # nfids, fids[]
2 18  -1  # nbids, bids[]
      4 4 1 0 #ntets ntri ned npts
           6.5725471013039505e-01   4.5017745288885898e+01   1.5800000000000001e+00 #xyz tv0
          -6.5865667242929204e-01   4.3744513051327274e+01  -7.8210856069435149e-17 #xyz tv1
          -2.9999999999348059e+00   5.0008872644442953e+01   1.6354311698399695e-31 #xyz tv2
          -2.9999999998696123e+00   4.5017745288885898e+01   3.2708623396799391e-31 -1 18 #xyz tv3 fid bid
           6.5725471013039505e-01   4.5017745288885898e+01   1.5800000000000001e+00 #xyz tv0
          -2.9999999999348059e+00   5.0008872644442953e+01   1.6354311698399695e-31 #xyz tv1
          -6.5865667242929204e-01   4.3744513051327274e+01  -7.8210856069435149e-17 #xyz tv2
           6.9413698188196555e+00   4.9641242579875353e+01  -3.2505107337228570e-17 -1 18 #xyz tv3 fid bid
          -6.5865667242929204e-01   4.3744513051327274e+01  -7.8210856069435149e-17 #xyz tv0
           5.5965419501133784e+00   4.5444003330498873e+01  -7.9000000000000004e-01 #xyz tv1
          -2.9999999999348059e+00   5.0008872644442953e+01   1.6354311698399695e-31 #xyz tv2
          -2.9999999998696123e+00   4.5017745288885898e+01   3.2708623396799391e-31 -1 18 #xyz tv3 fid bid
          -6.5865667242929204e-01   4.3744513051327274e+01  -7.8210856069435149e-17 #xyz tv0
          -2.9999999999348059e+00   5.0008872644442953e+01   1.6354311698399695e-31 #xyz tv1
           5.5965419501133784e+00   4.5444003330498873e+01  -7.9000000000000004e-01 #xyz tv2
           6.9413698188196555e+00   4.9641242579875353e+01  -3.2505107337228570e-17 -1 18 #xyz tv3 fid bid
          -2.9999999999348059e+00   5.0008872644442953e+01   1.6354311698399695e-31 #xyz tv0
          -6.5865667242929204e-01   4.3744513051327274e+01  -7.8210856069435149e-17 #xyz tv1
          -2.9999999998696123e+00   4.5017745288885898e+01   3.2708623396799391e-31 16 -1 #xyz tv2 fid bid
          -2.9999999999348059e+00   5.0008872644442953e+01   1.6354311698399695e-31 #xyz tv0
          -6.5865667242929204e-01   4.3744513051327274e+01  -7.8210856069435149e-17 #xyz tv1
          -2.9999999998696123e+00   4.5017745288885898e+01   3.2708623396799391e-31 20 -1 #xyz tv2 fid bid
          -6.5865667242929204e-01   4.3744513051327274e+01  -7.8210856069435149e-17 #xyz tv0
          -2.9999999999348059e+00   5.0008872644442953e+01   1.6354311698399695e-31 #xyz tv1
           6.9413698188196555e+00   4.9641242579875353e+01  -3.2505107337228570e-17 16 -1 #xyz tv2 fid bid
          -6.5865667242929204e-01   4.3744513051327274e+01  -7.8210856069435149e-17 #xyz tv0
          -2.9999999999348059e+00   5.0008872644442953e+01   1.6354311698399695e-31 #xyz tv1
           6.9413698188196555e+00   4.9641242579875353e+01  -3.2505107337228570e-17 20 -1 #xyz tv2 fid bid
          -2.9999999999348059e+00   5.0008872644442953e+01   1.6354311698399695e-31 #xyz ev0
          -6.5865667242929204e-01   4.3744513051327274e+01  -7.8210856069435149e-17 -1 18 #xyz ev1 fid bid
   0   0.000000000000e+00   0.000000000000e+00   0.000000000000e+00 #flag location
END_ERR 
G3dErrFileVersion 2018P3.1
FlagFileMetaData Begin
   Mesh Size - Setup1, Refinement, Pass #2, Freq. 3.000000e+09 :Title    
   Listing of mesh elements with small segments. :ToolTip  
   hf3d :Author   
   1699096565 :TimeStamp
FlagFileMetaData End
BEGIN_ERR 
26 Small mesh segment detected on body : Substrate
 Small mesh segment detected on body : Substrate 
 Segment Statistics - Number of Segments : 1 --- Segment length(s) : 13.290703mm. The cutoff frequency for S-Matrix Only Solve is 5.45077196363636MHz 
3 -1  16  20  # nfids, fids[]
2 18  -1  # nbids, bids[]
      5 4 1 0 #ntets ntri ned npts
           7.2378380364774202e+00   2.0896823075795599e+01  -1.3410321672219938e-16 #xyz tv0
          -2.9999999999348064e+00   2.0858872644442950e+01  -3.4694469519536127e-16 #xyz tv1
           5.2710648148398089e+00   1.7159724031795982e+01   1.5800000000000001e+00 #xyz tv2
           7.4756760729154541e+00   1.2679447741010797e+01  -8.7506071363481458e-17 -1 18 #xyz tv3 fid bid
          -2.9999999999348064e+00   2.0858872644442950e+01  -3.4694469519536127e-16 #xyz tv0
           7.4756760729154541e+00   1.2679447741010797e+01  -8.7506071363481458e-17 #xyz tv1
          -2.9999999999674030e+00   1.0429436322221475e+01   1.5800000000000001e+00 #xyz tv2
           5.2710648148398089e+00   1.7159724031795982e+01   1.5800000000000001e+00 -1 18 #xyz tv3 fid bid
          -2.9999999999348064e+00   2.0858872644442950e+01  -3.4694469519536127e-16 #xyz tv0
          -2.9999999999674030e+00   1.0429436322221475e+01   1.5800000000000001e+00 #xyz tv1
           7.4756760729154541e+00   1.2679447741010797e+01  -8.7506071363481458e-17 #xyz tv2
          -2.9999999999674030e+00   1.0429436322221475e+01  -1.7347234759768064e-16 -1 18 #xyz tv3 fid bid
           8.3673696145124712e+00   1.2975830367640885e+01  -7.9000000000000004e-01 #xyz tv0
          -2.9999999999674030e+00   1.0429436322221475e+01  -1.7347234759768064e-16 #xyz tv1
          -2.9999999999348064e+00   2.0858872644442950e+01  -3.4694469519536127e-16 #xyz tv2
           7.4756760729154541e+00   1.2679447741010797e+01  -8.7506071363481458e-17 -1 18 #xyz tv3 fid bid
           7.2378380364774202e+00   2.0896823075795599e+01  -1.3410321672219938e-16 #xyz tv0
           8.3673696145124712e+00   1.2975830367640885e+01  -7.9000000000000004e-01 #xyz tv1
          -2.9999999999348064e+00   2.0858872644442950e+01  -3.4694469519536127e-16 #xyz tv2
           7.4756760729154541e+00   1.2679447741010797e+01  -8.7506071363481458e-17 -1 18 #xyz tv3 fid bid
          -2.9999999999674030e+00   1.0429436322221475e+01  -1.7347234759768064e-16 #xyz tv0
          -2.9999999999348064e+00   2.0858872644442950e+01  -3.4694469519536127e-16 #xyz tv1
           7.4756760729154541e+00   1.2679447741010797e+01  -8.7506071363481458e-17 16 -1 #xyz tv2 fid bid
          -2.9999999999674030e+00   1.0429436322221475e+01  -1.7347234759768064e-16 #xyz tv0
          -2.9999999999348064e+00   2.0858872644442950e+01  -3.4694469519536127e-16 #xyz tv1
           7.4756760729154541e+00   1.2679447741010797e+01  -8.7506071363481458e-17 20 -1 #xyz tv2 fid bid
           7.2378380364774202e+00   2.0896823075795599e+01  -1.3410321672219938e-16 #xyz tv0
           7.4756760729154541e+00   1.2679447741010797e+01  -8.7506071363481458e-17 #xyz tv1
          -2.9999999999348064e+00   2.0858872644442950e+01  -3.4694469519536127e-16 16 -1 #xyz tv2 fid bid
           7.2378380364774202e+00   2.0896823075795599e+01  -1.3410321672219938e-16 #xyz tv0
           7.4756760729154541e+00   1.2679447741010797e+01  -8.7506071363481458e-17 #xyz tv1
          -2.9999999999348064e+00   2.0858872644442950e+01  -3.4694469519536127e-16 20 -1 #xyz tv2 fid bid
          -2.9999999999348064e+00   2.0858872644442950e+01  -3.4694469519536127e-16 #xyz ev0
           7.4756760729154541e+00   1.2679447741010797e+01  -8.7506071363481458e-17 -1 18 #xyz ev1 fid bid
   0   0.000000000000e+00   0.000000000000e+00   0.000000000000e+00 #flag location
END_ERR 
G3dErrFileVersion 2018P3.1
FlagFileMetaData Begin
   Mesh Size - Setup1, Refinement, Pass #3, Freq. 3.000000e+09 :Title    
   Listing of mesh elements with small segments. :ToolTip  
   hf3d :Author   
   1699096568 :TimeStamp
FlagFileMetaData End
BEGIN_ERR 
26 Small mesh segment detected on body : Substrate
 Small mesh segment detected on body : Substrate 
 Segment Statistics - Number of Segments : 1 --- Segment length(s) : 13.290703mm. The cutoff frequency for S-Matrix Only Solve is 5.45077196363636MHz 
3 -1  16  20  # nfids, fids[]
2 18  -1  # nbids, bids[]
      5 4 1 0 #ntets ntri ned npts
           7.2378380364774202e+00   2.0896823075795599e+01  -1.3410321672219938e-16 #xyz tv0
          -2.9999999999348064e+00   2.0858872644442950e+01  -3.4694469519536127e-16 #xyz tv1
           5.0817798830422820e+00   1.7177790056685410e+01   1.5800000000000001e+00 #xyz tv2
           7.4756760729154550e+00   1.2679447741010797e+01  -8.7506071363481471e-17 -1 18 #xyz tv3 fid bid
          -2.9999999999348064e+00   2.0858872644442950e+01  -3.4694469519536127e-16 #xyz tv0
           7.4756760729154550e+00   1.2679447741010797e+01  -8.7506071363481471e-17 #xyz tv1
          -2.9999999999674030e+00   1.0429436322221475e+01   1.5800000000000001e+00 #xyz tv2
           5.0817798830422820e+00   1.7177790056685410e+01   1.5800000000000001e+00 -1 18 #xyz tv3 fid bid
          -2.9999999999348064e+00   2.0858872644442950e+01  -3.4694469519536127e-16 #xyz tv0
          -2.9999999999674030e+00   1.0429436322221475e+01   1.5800000000000001e+00 #xyz tv1
           7.4756760729154550e+00   1.2679447741010797e+01  -8.7506071363481471e-17 #xyz tv2
          -2.9999999999674030e+00   1.0429436322221475e+01  -1.7347234759768064e-16 -1 18 #xyz tv3 fid bid
           8.3673696145124712e+00   1.2975830367640885e+01  -7.9000000000000004e-01 #xyz tv0
          -2.9999999999674030e+00   1.0429436322221475e+01  -1.7347234759768064e-16 #xyz tv1
          -2.9999999999348064e+00   2.0858872644442950e+01  -3.4694469519536127e-16 #xyz tv2
           7.4756760729154550e+00   1.2679447741010797e+01  -8.7506071363481471e-17 -1 18 #xyz tv3 fid bid
           7.2378380364774202e+00   2.0896823075795599e+01  -1.3410321672219938e-16 #xyz tv0
           8.3673696145124712e+00   1.2975830367640885e+01  -7.9000000000000004e-01 #xyz tv1
          -2.9999999999348064e+00   2.0858872644442950e+01  -3.4694469519536127e-16 #xyz tv2
           7.4756760729154550e+00   1.2679447741010797e+01  -8.7506071363481471e-17 -1 18 #xyz tv3 fid bid
          -2.9999999999674030e+00   1.0429436322221475e+01  -1.7347234759768064e-16 #xyz tv0
          -2.9999999999348064e+00   2.0858872644442950e+01  -3.4694469519536127e-16 #xyz tv1
           7.4756760729154550e+00   1.2679447741010797e+01  -8.7506071363481471e-17 16 -1 #xyz tv2 fid bid
          -2.9999999999674030e+00   1.0429436322221475e+01  -1.7347234759768064e-16 #xyz tv0
          -2.9999999999348064e+00   2.0858872644442950e+01  -3.4694469519536127e-16 #xyz tv1
           7.4756760729154550e+00   1.2679447741010797e+01  -8.7506071363481471e-17 20 -1 #xyz tv2 fid bid
           7.2378380364774202e+00   2.0896823075795599e+01  -1.3410321672219938e-16 #xyz tv0
           7.4756760729154550e+00   1.2679447741010797e+01  -8.7506071363481471e-17 #xyz tv1
          -2.9999999999348064e+00   2.0858872644442950e+01  -3.4694469519536127e-16 16 -1 #xyz tv2 fid bid
           7.2378380364774202e+00   2.0896823075795599e+01  -1.3410321672219938e-16 #xyz tv0
           7.4756760729154550e+00   1.2679447741010797e+01  -8.7506071363481471e-17 #xyz tv1
          -2.9999999999348064e+00   2.0858872644442950e+01  -3.4694469519536127e-16 20 -1 #xyz tv2 fid bid
          -2.9999999999348064e+00   2.0858872644442950e+01  -3.4694469519536127e-16 #xyz ev0
           7.4756760729154550e+00   1.2679447741010797e+01  -8.7506071363481471e-17 -1 18 #xyz ev1 fid bid
   0   0.000000000000e+00   0.000000000000e+00   0.000000000000e+00 #flag location
END_ERR 
G3dErrFileVersion 2018P3.1
FlagFileMetaData Begin
   Mesh Size - Setup1, Refinement, Pass #4, Freq. 3.000000e+09 :Title    
   Listing of mesh elements with small segments. :ToolTip  
   hf3d :Author   
   1699096570 :TimeStamp
FlagFileMetaData End
BEGIN_ERR 
26 Small mesh segment detected on body : Substrate
 Small mesh segment detected on body : Substrate 
 Segment Statistics - Number of Segments : 1 --- Segment length(s) : 13.290703mm. The cutoff frequency for S-Matrix Only Solve is 5.45077196363636MHz 
3 -1  16  20  # nfids, fids[]
2 18  -1  # nbids, bids[]
      5 4 1 0 #ntets ntri ned npts
           7.2378380364774202e+00   2.0896823075795599e+01  -1.3410321672219938e-16 #xyz tv0
          -2.9999999999348064e+00   2.0858872644442950e+01  -3.4694469519536127e-16 #xyz tv1
           4.9911477914725779e+00   1.7166255201044329e+01   1.5800000000000001e+00 #xyz tv2
           7.4756760729154559e+00   1.2679447741010797e+01  -8.7506071363481483e-17 -1 18 #xyz tv3 fid bid
          -2.9999999999348064e+00   2.0858872644442950e+01  -3.4694469519536127e-16 #xyz tv0
           7.4756760729154559e+00   1.2679447741010797e+01  -8.7506071363481483e-17 #xyz tv1
          -2.9999999999674030e+00   1.0429436322221475e+01   1.5800000000000001e+00 #xyz tv2
           4.9911477914725779e+00   1.7166255201044329e+01   1.5800000000000001e+00 -1 18 #xyz tv3 fid bid
          -2.9999999999348064e+00   2.0858872644442950e+01  -3.4694469519536127e-16 #xyz tv0
          -2.9999999999674030e+00   1.0429436322221475e+01   1.5800000000000001e+00 #xyz tv1
           7.4756760729154559e+00   1.2679447741010797e+01  -8.7506071363481483e-17 #xyz tv2
          -2.9999999999674030e+00   1.0429436322221475e+01  -1.7347234759768064e-16 -1 18 #xyz tv3 fid bid
           8.3673696145124712e+00   1.2975830367640885e+01  -7.9000000000000004e-01 #xyz tv0
          -2.9999999999674030e+00   1.0429436322221475e+01  -1.7347234759768064e-16 #xyz tv1
          -2.9999999999348064e+00   2.0858872644442950e+01  -3.4694469519536127e-16 #xyz tv2
           7.4756760729154559e+00   1.2679447741010797e+01  -8.7506071363481483e-17 -1 18 #xyz tv3 fid bid
           7.2378380364774202e+00   2.0896823075795599e+01  -1.3410321672219938e-16 #xyz tv0
           8.3673696145124712e+00   1.2975830367640885e+01  -7.9000000000000004e-01 #xyz tv1
          -2.9999999999348064e+00   2.0858872644442950e+01  -3.4694469519536127e-16 #xyz tv2
           7.4756760729154559e+00   1.2679447741010797e+01  -8.7506071363481483e-17 -1 18 #xyz tv3 fid bid
          -2.9999999999674030e+00   1.0429436322221475e+01  -1.7347234759768064e-16 #xyz tv0
          -2.9999999999348064e+00   2.0858872644442950e+01  -3.4694469519536127e-16 #xyz tv1
           7.4756760729154559e+00   1.2679447741010797e+01  -8.7506071363481483e-17 16 -1 #xyz tv2 fid bid
          -2.9999999999674030e+00   1.0429436322221475e+01  -1.7347234759768064e-16 #xyz tv0
          -2.9999999999348064e+00   2.0858872644442950e+01  -3.4694469519536127e-16 #xyz tv1
           7.4756760729154559e+00   1.2679447741010797e+01  -8.7506071363481483e-17 20 -1 #xyz tv2 fid bid
           7.2378380364774202e+00   2.0896823075795599e+01  -1.3410321672219938e-16 #xyz tv0
           7.4756760729154559e+00   1.2679447741010797e+01  -8.7506071363481483e-17 #xyz tv1
          -2.9999999999348064e+00   2.0858872644442950e+01  -3.4694469519536127e-16 16 -1 #xyz tv2 fid bid
           7.2378380364774202e+00   2.0896823075795599e+01  -1.3410321672219938e-16 #xyz tv0
           7.4756760729154559e+00   1.2679447741010797e+01  -8.7506071363481483e-17 #xyz tv1
          -2.9999999999348064e+00   2.0858872644442950e+01  -3.4694469519536127e-16 20 -1 #xyz tv2 fid bid
          -2.9999999999348064e+00   2.0858872644442950e+01  -3.4694469519536127e-16 #xyz ev0
           7.4756760729154559e+00   1.2679447741010797e+01  -8.7506071363481483e-17 -1 18 #xyz ev1 fid bid
   0   0.000000000000e+00   0.000000000000e+00   0.000000000000e+00 #flag location
END_ERR 
G3dErrFileVersion 2018P3.1
FlagFileMetaData Begin
   Mesh Size - Setup1, Refinement, Pass #1, Freq. 5.500000e+08 :Title    
   Listing of mesh elements with small segments. :ToolTip  
   hf3d :Author   
   1699096742 :TimeStamp
FlagFileMetaData End
BEGIN_ERR 
26 Small mesh segment detected on body : Substrate
 Small mesh segment detected on body : Substrate 
 Segment Statistics - Number of Segments : 1 --- Segment length(s) : 10.000000mm. The cutoff frequency for S-Matrix Only Solve is 5.45077196363636MHz 
4 -1  16  20  23  # nfids, fids[]
2 18  -1  # nbids, bids[]
      4 3 1 0 #ntets ntri ned npts
           7.0000000000000000e+00   5.5000000000000007e+01   0.0000000000000000e+00 #xyz tv0
           7.0000000000000000e+00   5.5000000000000007e+01   1.5800000000000001e+00 #xyz tv1
           6.9024521353885984e+00   4.9423457195048826e+01  -4.5365165304591706e-17 #xyz tv2
          -3.0000000000000000e+00   5.5000000000000007e+01   0.0000000000000000e+00 -1 18 #xyz tv3 fid bid
           7.0000000000000000e+00   5.5000000000000007e+01   0.0000000000000000e+00 #xyz tv0
           1.7000000000000000e+01   5.7750000000000014e+01  -7.9000000000000004e-01 #xyz tv1
           1.3200018310546874e+01   5.6100001049041758e+01   9.9928031051787547e-01 #xyz tv2
          -3.0000000000000000e+00   5.5000000000000007e+01   0.0000000000000000e+00 -1 18 #xyz tv3 fid bid
           7.0000000000000000e+00   5.5000000000000007e+01   0.0000000000000000e+00 #xyz tv0
           6.9024521353885984e+00   4.9423457195048826e+01  -4.5365165304591706e-17 #xyz tv1
           1.7000000000000000e+01   5.7750000000000014e+01  -7.9000000000000004e-01 #xyz tv2
          -3.0000000000000000e+00   5.5000000000000007e+01   0.0000000000000000e+00 -1 18 #xyz tv3 fid bid
           7.0000000000000000e+00   5.5000000000000007e+01   0.0000000000000000e+00 #xyz tv0
           1.3200018310546874e+01   5.6100001049041758e+01   9.9928031051787547e-01 #xyz tv1
           7.0000000000000000e+00   5.5000000000000007e+01   1.5800000000000001e+00 #xyz tv2
          -3.0000000000000000e+00   5.5000000000000007e+01   0.0000000000000000e+00 -1 18 #xyz tv3 fid bid
           7.0000000000000000e+00   5.5000000000000007e+01   0.0000000000000000e+00 #xyz tv0
           6.9024521353885984e+00   4.9423457195048826e+01  -4.5365165304591706e-17 #xyz tv1
          -3.0000000000000000e+00   5.5000000000000007e+01   0.0000000000000000e+00 16 -1 #xyz tv2 fid bid
           7.0000000000000000e+00   5.5000000000000007e+01   0.0000000000000000e+00 #xyz tv0
           6.9024521353885984e+00   4.9423457195048826e+01  -4.5365165304591706e-17 #xyz tv1
          -3.0000000000000000e+00   5.5000000000000007e+01   0.0000000000000000e+00 20 -1 #xyz tv2 fid bid
           7.0000000000000000e+00   5.5000000000000007e+01   0.0000000000000000e+00 #xyz tv0
          -3.0000000000000000e+00   5.5000000000000007e+01   0.0000000000000000e+00 #xyz tv1
           7.0000000000000000e+00   5.5000000000000007e+01   1.5800000000000001e+00 23 -1 #xyz tv2 fid bid
          -3.0000000000000000e+00   5.5000000000000007e+01   0.0000000000000000e+00 #xyz ev0
           7.0000000000000000e+00   5.5000000000000007e+01   0.0000000000000000e+00 -1 18 #xyz ev1 fid bid
   0   0.000000000000e+00   0.000000000000e+00   0.000000000000e+00 #flag location
END_ERR 
G3dErrFileVersion 2018P3.1
FlagFileMetaData Begin
   Mesh Size - Setup1, Refinement, Pass #1, Freq. 5.500000e+09 :Title    
   Listing of mesh elements with small segments. :ToolTip  
   hf3d :Author   
   1699096744 :TimeStamp
FlagFileMetaData End
BEGIN_ERR 
26 Small mesh segment detected on body : Substrate
 Small mesh segment detected on body : Substrate 
 Segment Statistics - Number of Segments : 1 --- Segment length(s) : 10.000000mm. The cutoff frequency for S-Matrix Only Solve is 5.45077196363636MHz 
4 -1  16  20  23  # nfids, fids[]
2 18  -1  # nbids, bids[]
      4 3 1 0 #ntets ntri ned npts
           7.0000000000000000e+00   5.5000000000000007e+01   0.0000000000000000e+00 #xyz tv0
           7.0000000000000000e+00   5.5000000000000007e+01   1.5800000000000001e+00 #xyz tv1
           6.9024521353885984e+00   4.9423457195048826e+01  -4.5365165304591706e-17 #xyz tv2
          -3.0000000000000000e+00   5.5000000000000007e+01   0.0000000000000000e+00 -1 18 #xyz tv3 fid bid
           7.0000000000000000e+00   5.5000000000000007e+01   0.0000000000000000e+00 #xyz tv0
           1.7000000000000000e+01   5.7750000000000014e+01  -7.9000000000000004e-01 #xyz tv1
           1.3200018310546874e+01   5.6100001049041758e+01   9.9928031051787547e-01 #xyz tv2
          -3.0000000000000000e+00   5.5000000000000007e+01   0.0000000000000000e+00 -1 18 #xyz tv3 fid bid
           7.0000000000000000e+00   5.5000000000000007e+01   0.0000000000000000e+00 #xyz tv0
           6.9024521353885984e+00   4.9423457195048826e+01  -4.5365165304591706e-17 #xyz tv1
           1.7000000000000000e+01   5.7750000000000014e+01  -7.9000000000000004e-01 #xyz tv2
          -3.0000000000000000e+00   5.5000000000000007e+01   0.0000000000000000e+00 -1 18 #xyz tv3 fid bid
           7.0000000000000000e+00   5.5000000000000007e+01   0.0000000000000000e+00 #xyz tv0
           1.3200018310546874e+01   5.6100001049041758e+01   9.9928031051787547e-01 #xyz tv1
           7.0000000000000000e+00   5.5000000000000007e+01   1.5800000000000001e+00 #xyz tv2
          -3.0000000000000000e+00   5.5000000000000007e+01   0.0000000000000000e+00 -1 18 #xyz tv3 fid bid
           7.0000000000000000e+00   5.5000000000000007e+01   0.0000000000000000e+00 #xyz tv0
           6.9024521353885984e+00   4.9423457195048826e+01  -4.5365165304591706e-17 #xyz tv1
          -3.0000000000000000e+00   5.5000000000000007e+01   0.0000000000000000e+00 16 -1 #xyz tv2 fid bid
           7.0000000000000000e+00   5.5000000000000007e+01   0.0000000000000000e+00 #xyz tv0
           6.9024521353885984e+00   4.9423457195048826e+01  -4.5365165304591706e-17 #xyz tv1
          -3.0000000000000000e+00   5.5000000000000007e+01   0.0000000000000000e+00 20 -1 #xyz tv2 fid bid
           7.0000000000000000e+00   5.5000000000000007e+01   0.0000000000000000e+00 #xyz tv0
          -3.0000000000000000e+00   5.5000000000000007e+01   0.0000000000000000e+00 #xyz tv1
           7.0000000000000000e+00   5.5000000000000007e+01   1.5800000000000001e+00 23 -1 #xyz tv2 fid bid
          -3.0000000000000000e+00   5.5000000000000007e+01   0.0000000000000000e+00 #xyz ev0
           7.0000000000000000e+00   5.5000000000000007e+01   0.0000000000000000e+00 -1 18 #xyz ev1 fid bid
   0   0.000000000000e+00   0.000000000000e+00   0.000000000000e+00 #flag location
END_ERR 
G3dErrFileVersion 2018P3.1
FlagFileMetaData Begin
   Mesh Size - Setup1, Refinement, Pass #2, Freq. 5.500000e+09 :Title    
   Listing of mesh elements with small segments. :ToolTip  
   hf3d :Author   
   1699096747 :TimeStamp
FlagFileMetaData End
BEGIN_ERR 
26 Small mesh segment detected on body : Substrate
 Small mesh segment detected on body : Substrate 
 Segment Statistics - Number of Segments : 1 --- Segment length(s) : 8.214136mm. The cutoff frequency for S-Matrix Only Solve is 5.45077196363636MHz 
3 -1  16  20  # nfids, fids[]
2 18  -1  # nbids, bids[]
      5 4 1 0 #ntets ntri ned npts
           1.4350000000000000e+01   2.5524999999999999e+01   1.5800000000000001e+00 #xyz tv0
           8.5488631935194412e+00   2.1476673754404828e+01  -1.3405989457877480e-16 #xyz tv1
           1.6805555555566496e+01   2.9330824688190937e+01  -1.7427546031804169e-17 #xyz tv2
           6.8961883517013316e+00   2.9522833599642475e+01  -2.1076236961069802e-16 -1 18 #xyz tv3 fid bid
           1.6805555555566496e+01   2.9330824688190937e+01  -1.7427546031804169e-17 #xyz tv0
           6.0471818941206967e+00   2.9750746234360655e+01  -7.9000000000000004e-01 #xyz tv1
           6.8961883517013316e+00   2.9522833599642475e+01  -2.1076236961069802e-16 #xyz tv2
           8.5488631935194412e+00   2.1476673754404828e+01  -1.3405989457877480e-16 -1 18 #xyz tv3 fid bid
           7.5000000000000000e+00   2.5524999999999999e+01   1.5800000000000001e+00 #xyz tv0
           6.8961883517013316e+00   2.9522833599642475e+01  -2.1076236961069802e-16 #xyz tv1
           8.5488631935194412e+00   2.1476673754404828e+01  -1.3405989457877480e-16 #xyz tv2
           1.4350000000000000e+01   2.5524999999999999e+01   1.5800000000000001e+00 -1 18 #xyz tv3 fid bid
           1.9480941758832626e+00   2.5190853122042711e+01  -2.7885353240302961e-16 #xyz tv0
           6.0471818941206967e+00   2.9750746234360655e+01  -7.9000000000000004e-01 #xyz tv1
           8.5488631935194412e+00   2.1476673754404828e+01  -1.3405989457877480e-16 #xyz tv2
           6.8961883517013316e+00   2.9522833599642475e+01  -2.1076236961069802e-16 -1 18 #xyz tv3 fid bid
           8.5488631935194412e+00   2.1476673754404828e+01  -1.3405989457877480e-16 #xyz tv0
           7.5000000000000000e+00   2.5524999999999999e+01   1.5800000000000001e+00 #xyz tv1
           1.9480941758832626e+00   2.5190853122042711e+01  -2.7885353240302961e-16 #xyz tv2
           6.8961883517013316e+00   2.9522833599642475e+01  -2.1076236961069802e-16 -1 18 #xyz tv3 fid bid
           1.6805555555566496e+01   2.9330824688190937e+01  -1.7427546031804169e-17 #xyz tv0
           8.5488631935194412e+00   2.1476673754404828e+01  -1.3405989457877480e-16 #xyz tv1
           6.8961883517013316e+00   2.9522833599642475e+01  -2.1076236961069802e-16 16 -1 #xyz tv2 fid bid
           1.6805555555566496e+01   2.9330824688190937e+01  -1.7427546031804169e-17 #xyz tv0
           8.5488631935194412e+00   2.1476673754404828e+01  -1.3405989457877480e-16 #xyz tv1
           6.8961883517013316e+00   2.9522833599642475e+01  -2.1076236961069802e-16 20 -1 #xyz tv2 fid bid
           1.9480941758832626e+00   2.5190853122042711e+01  -2.7885353240302961e-16 #xyz tv0
           6.8961883517013316e+00   2.9522833599642475e+01  -2.1076236961069802e-16 #xyz tv1
           8.5488631935194412e+00   2.1476673754404828e+01  -1.3405989457877480e-16 16 -1 #xyz tv2 fid bid
           1.9480941758832626e+00   2.5190853122042711e+01  -2.7885353240302961e-16 #xyz tv0
           6.8961883517013316e+00   2.9522833599642475e+01  -2.1076236961069802e-16 #xyz tv1
           8.5488631935194412e+00   2.1476673754404828e+01  -1.3405989457877480e-16 20 -1 #xyz tv2 fid bid
           8.5488631935194412e+00   2.1476673754404828e+01  -1.3405989457877480e-16 #xyz ev0
           6.8961883517013316e+00   2.9522833599642475e+01  -2.1076236961069802e-16 -1 18 #xyz ev1 fid bid
   0   0.000000000000e+00   0.000000000000e+00   0.000000000000e+00 #flag location
END_ERR 
G3dErrFileVersion 2018P3.1
FlagFileMetaData Begin
   Mesh Size - Setup1, Refinement, Pass #3, Freq. 5.500000e+09 :Title    
   Listing of mesh elements with small segments. :ToolTip  
   hf3d :Author   
   1699096750 :TimeStamp
FlagFileMetaData End
BEGIN_ERR 
26 Small mesh segment detected on body : Substrate
 Small mesh segment detected on body : Substrate 
 Segment Statistics - Number of Segments : 1 --- Segment length(s) : 8.656360mm. The cutoff frequency for S-Matrix Only Solve is 5.45077196363636MHz 
3 -1  16  20  # nfids, fids[]
2 18  -1  # nbids, bids[]
      6 4 1 0 #ntets ntri ned npts
           3.0386019310763416e+01   5.5846066473332936e+00  -1.9613545659636623e-18 #xyz tv0
           3.7000000000000000e+01   5.1959681610538135e+00   1.5800000000000001e+00 #xyz tv1
           3.7000000000000000e+01   1.0391936322107627e+01  -1.0232847496848924e-31 #xyz tv2
           3.7000000000000000e+01   0.0000000000000000e+00   0.0000000000000000e+00 -1 18 #xyz tv3 fid bid
           3.9000000000000000e+01  -2.7500000000000036e+00  -7.9000000000000004e-01 #xyz tv0
           3.0386019310763416e+01   5.5846066473332936e+00  -1.9613545659636623e-18 #xyz tv1
           3.7000000000000000e+01   1.0391936322107627e+01  -1.0232847496848924e-31 #xyz tv2
           3.7000000000000000e+01   0.0000000000000000e+00   0.0000000000000000e+00 -1 18 #xyz tv3 fid bid
           2.7000000000000000e+01   0.0000000000000000e+00   1.5800000000000001e+00 #xyz tv0
           3.7000000000000000e+01   0.0000000000000000e+00   0.0000000000000000e+00 #xyz tv1
           3.7000000000000000e+01   5.1959681610538135e+00   1.5800000000000001e+00 #xyz tv2
           3.0386019310763416e+01   5.5846066473332936e+00  -1.9613545659636623e-18 -1 18 #xyz tv3 fid bid
           3.7000000000000000e+01   0.0000000000000000e+00   0.0000000000000000e+00 #xyz tv0
           3.0386019310763416e+01   5.5846066473332936e+00  -1.9613545659636623e-18 #xyz tv1
           2.7553633887995083e+01  -4.2369507705192194e-01  -9.9141270787475130e-02 #xyz tv2
           3.9000000000000000e+01  -2.7500000000000036e+00  -7.9000000000000004e-01 -1 18 #xyz tv3 fid bid
           3.0386019310763416e+01   5.5846066473332936e+00  -1.9613545659636623e-18 #xyz tv0
           2.7000000000000000e+01   0.0000000000000000e+00   0.0000000000000000e+00 #xyz tv1
           2.7000000000000000e+01   0.0000000000000000e+00   1.5800000000000001e+00 #xyz tv2
           3.7000000000000000e+01   0.0000000000000000e+00   0.0000000000000000e+00 -1 18 #xyz tv3 fid bid
           3.7000000000000000e+01   0.0000000000000000e+00   0.0000000000000000e+00 #xyz tv0
           2.7553633887995083e+01  -4.2369507705192194e-01  -9.9141270787475130e-02 #xyz tv1
           3.0386019310763416e+01   5.5846066473332936e+00  -1.9613545659636623e-18 #xyz tv2
           2.7000000000000000e+01   0.0000000000000000e+00   0.0000000000000000e+00 -1 18 #xyz tv3 fid bid
           3.0386019310763416e+01   5.5846066473332936e+00  -1.9613545659636623e-18 #xyz tv0
           3.7000000000000000e+01   1.0391936322107627e+01  -1.0232847496848924e-31 #xyz tv1
           3.7000000000000000e+01   0.0000000000000000e+00   0.0000000000000000e+00 16 -1 #xyz tv2 fid bid
           3.0386019310763416e+01   5.5846066473332936e+00  -1.9613545659636623e-18 #xyz tv0
           3.7000000000000000e+01   1.0391936322107627e+01  -1.0232847496848924e-31 #xyz tv1
           3.7000000000000000e+01   0.0000000000000000e+00   0.0000000000000000e+00 20 -1 #xyz tv2 fid bid
           3.0386019310763416e+01   5.5846066473332936e+00  -1.9613545659636623e-18 #xyz tv0
           3.7000000000000000e+01   0.0000000000000000e+00   0.0000000000000000e+00 #xyz tv1
           2.7000000000000000e+01   0.0000000000000000e+00   0.0000000000000000e+00 16 -1 #xyz tv2 fid bid
           3.0386019310763416e+01   5.5846066473332936e+00  -1.9613545659636623e-18 #xyz tv0
           3.7000000000000000e+01   0.0000000000000000e+00   0.0000000000000000e+00 #xyz tv1
           2.7000000000000000e+01   0.0000000000000000e+00   0.0000000000000000e+00 20 -1 #xyz tv2 fid bid
           3.7000000000000000e+01   0.0000000000000000e+00   0.0000000000000000e+00 #xyz ev0
           3.0386019310763416e+01   5.5846066473332936e+00  -1.9613545659636623e-18 -1 18 #xyz ev1 fid bid
   0   0.000000000000e+00   0.000000000000e+00   0.000000000000e+00 #flag location
END_ERR 
G3dErrFileVersion 2018P3.1
FlagFileMetaData Begin
   Mesh Size - Setup1, Refinement, Pass #4, Freq. 5.500000e+09 :Title    
   Listing of mesh elements with small segments. :ToolTip  
   hf3d :Author   
   1699096752 :TimeStamp
FlagFileMetaData End
BEGIN_ERR 
26 Small mesh segment detected on body : Substrate
 Small mesh segment detected on body : Substrate 
 Segment Statistics - Number of Segments : 1 --- Segment length(s) : 1.908108mm. The cutoff frequency for S-Matrix Only Solve is 5.45077196363636MHz 
3 -1  16  20  # nfids, fids[]
2 18  -1  # nbids, bids[]
      5 4 1 0 #ntets ntri ned npts
          -1.6419454879739610e+00   4.5605679958478106e+01  -5.7411493888623144e-17 #xyz tv0
          -1.0506245354590840e+00   4.6895817604715276e+01   1.5800000000000001e+00 #xyz tv1
          -2.9999999998696119e+00   4.5017745288885898e+01   5.8362792968749999e-01 #xyz tv2
          -2.9999999998947997e+00   4.6946039258760550e+01   2.6390227094135810e-31 -1 18 #xyz tv3 fid bid
          -1.6419454879739610e+00   4.5605679958478106e+01  -5.7411493888623144e-17 #xyz tv0
          -2.9999999998696119e+00   4.5017745288885898e+01   5.8362792968749999e-01 #xyz tv1
          -2.9999999998696123e+00   4.5017745288885898e+01   3.2708623396799391e-31 #xyz tv2
          -2.9999999998947997e+00   4.6946039258760550e+01   2.6390227094135810e-31 -1 18 #xyz tv3 fid bid
           9.1765536184327567e-01   4.9757874885076305e+01  -4.1651806600639709e-17 #xyz tv0
          -1.0506245354590840e+00   4.6895817604715276e+01   1.5800000000000001e+00 #xyz tv1
          -1.6419454879739610e+00   4.5605679958478106e+01  -5.7411493888623144e-17 #xyz tv2
          -2.9999999998947997e+00   4.6946039258760550e+01   2.6390227094135810e-31 -1 18 #xyz tv3 fid bid
          -5.0000000000000000e+00   4.9448974609375014e+01  -7.9000000000000004e-01 #xyz tv0
          -1.6419454879739610e+00   4.5605679958478106e+01  -5.7411493888623144e-17 #xyz tv1
          -2.9999999998696123e+00   4.5017745288885898e+01   3.2708623396799391e-31 #xyz tv2
          -2.9999999998947997e+00   4.6946039258760550e+01   2.6390227094135810e-31 -1 18 #xyz tv3 fid bid
          -2.9999999998947997e+00   4.6946039258760550e+01   2.6390227094135810e-31 #xyz tv0
           9.1765536184327567e-01   4.9757874885076305e+01  -4.1651806600639709e-17 #xyz tv1
          -5.0000000000000000e+00   4.9448974609375014e+01  -7.9000000000000004e-01 #xyz tv2
          -1.6419454879739610e+00   4.5605679958478106e+01  -5.7411493888623144e-17 -1 18 #xyz tv3 fid bid
          -1.6419454879739610e+00   4.5605679958478106e+01  -5.7411493888623144e-17 #xyz tv0
          -2.9999999998696123e+00   4.5017745288885898e+01   3.2708623396799391e-31 #xyz tv1
          -2.9999999998947997e+00   4.6946039258760550e+01   2.6390227094135810e-31 16 -1 #xyz tv2 fid bid
          -1.6419454879739610e+00   4.5605679958478106e+01  -5.7411493888623144e-17 #xyz tv0
          -2.9999999998696123e+00   4.5017745288885898e+01   3.2708623396799391e-31 #xyz tv1
          -2.9999999998947997e+00   4.6946039258760550e+01   2.6390227094135810e-31 20 -1 #xyz tv2 fid bid
          -2.9999999998947997e+00   4.6946039258760550e+01   2.6390227094135810e-31 #xyz tv0
           9.1765536184327567e-01   4.9757874885076305e+01  -4.1651806600639709e-17 #xyz tv1
          -1.6419454879739610e+00   4.5605679958478106e+01  -5.7411493888623144e-17 16 -1 #xyz tv2 fid bid
          -2.9999999998947997e+00   4.6946039258760550e+01   2.6390227094135810e-31 #xyz tv0
           9.1765536184327567e-01   4.9757874885076305e+01  -4.1651806600639709e-17 #xyz tv1
          -1.6419454879739610e+00   4.5605679958478106e+01  -5.7411493888623144e-17 20 -1 #xyz tv2 fid bid
          -2.9999999998947997e+00   4.6946039258760550e+01   2.6390227094135810e-31 #xyz ev0
          -1.6419454879739610e+00   4.5605679958478106e+01  -5.7411493888623144e-17 -1 18 #xyz ev1 fid bid
   0   0.000000000000e+00   0.000000000000e+00   0.000000000000e+00 #flag location
END_ERR 
G3dErrFileVersion 2018P3.1
FlagFileMetaData Begin
   Mesh Size - Setup1, Refinement, Pass #1, Freq. 4.770000e+09 :Title    
   Listing of mesh elements with small segments. :ToolTip  
   hf3d :Author   
   1699097081 :TimeStamp
FlagFileMetaData End
BEGIN_ERR 
26 Small mesh segment detected on body : Substrate
 Small mesh segment detected on body : Substrate 
 Segment Statistics - Number of Segments : 1 --- Segment length(s) : 6.482663mm. The cutoff frequency for S-Matrix Only Solve is 5.45077196363636MHz 
3 -1  16  20  # nfids, fids[]
2 18  -1  # nbids, bids[]
      6 4 1 0 #ntets ntri ned npts
           2.1806440359251049e+01   3.3455879169034958e+01  -2.7270023011724088e-17 #xyz tv0
           2.1816904756330359e+01   2.8824999999999999e+01   1.5800000000000001e+00 #xyz tv1
           2.1947544542518987e+01   2.5397929982775103e+01  -1.4380550396586685e-17 #xyz tv2
           1.6805555555566496e+01   2.9330824688190937e+01  -1.7427546031804169e-17 -1 18 #xyz tv3 fid bid
           2.1806440359251049e+01   3.3455879169034958e+01  -2.7270023011724088e-17 #xyz tv0
           2.1947544542518987e+01   2.5397929982775103e+01  -1.4380550396586685e-17 #xyz tv1
           1.5671882429722588e+01   3.2138915914636286e+01  -7.9000000000000004e-01 #xyz tv2
           1.6805555555566496e+01   2.9330824688190937e+01  -1.7427546031804169e-17 -1 18 #xyz tv3 fid bid
           2.1806440359251049e+01   3.3455879169034958e+01  -2.7270023011724088e-17 #xyz tv0
           1.6805555555566496e+01   2.9330824688190937e+01  -1.7427546031804169e-17 #xyz tv1
           1.5671882429722588e+01   3.2138915914636286e+01  -7.9000000000000004e-01 #xyz tv2
           1.6266425285492524e+01   3.6568442166263530e+01  -7.8675374459913479e-17 -1 18 #xyz tv3 fid bid
